
! Quadrupole circuits
kqfa = 0.3370599717739164;
kqfb = 0.5462953319567254;
kqd =  -0.5876756866270778;

! Sextupole circuits
ksf =  0.5853219204643684;
ksd =  -0.7811929408248136;

! Extraction_knob
on_extr = 0.0;
kse_ref = 5.68732;
kse = on_extr * kse_ref;
